0.7128027682
0.7453310696
0.6497277677
0.7014388489
0.7195767196
0.6973451327
0.7535211268
0.7070707071
0.6954128440
0.6582733813
0.7344028520
0.7043918919
0.6754850088
0.7101694915
0.7024647887
0.7389770723
0.7561403509
0.7562724014
0.8248299320
0.7033898305
0.6823956443
0.6637630662
0.8209982788
0.6702317291
0.6724137931
0.7152899824
0.7237076649
0.7347294939
0.7217537943
0.7435897436
0.7046263345
0.7145270270
0.6994727592
0.7619047619
0.7421602787
0.7453936348
0.6581196581
0.7363013699
0.6497277677
0.6945392491
0.7588652482
0.7606837607
0.7614035088
0.6655052265
0.7013422819
0.7423423423
0.6829268293
0.7293497364
0.6690017513
0.6516464471
