0.7531645570
0.7432432432
0.6230936819
0.6863157895
0.7200000000
0.6794055202
0.6750524109
0.6460176991
0.7199170124
0.7040169133
0.7474120083
0.7300215983
0.7304526749
0.7505241090
0.7118997912
0.6919739696
0.7252747253
0.7268907563
0.6164948454
0.6757894737
0.7106382979
0.7460317460
0.6620553360
0.7284210526
0.6314655172
0.6701461378
0.7116182573
0.7029914530
0.7285429142
0.7148846960
0.6588486141
0.5936170213
0.6744186047
0.7087576375
0.6680161943
0.6860706861
0.6875000000
0.7078891258
0.7410526316
0.6989247312
0.7119675456
0.6792452830
0.6539235412
0.7660000000
0.7809917355
0.6361655773
0.7167755991
0.6796536797
0.7608247423
0.6931330472
