0.3882352941
0.3186813187
0.4207317073
0.3121693122
0.1927710843
0.3068783069
0.3208556150
0.1546961326
0.3693181818
0.1832460733
0.2675159236
0.3977272727
0.1618497110
0.2833333333
0.4975369458
0.3425414365
0.2427745665
0.3072916667
0.3664921466
0.2554347826
0.2928176796
0.2722513089
0.1639344262
0.3055555556
0.2842105263
0.2299465241
0.2210526316
0.3389830508
0.2666666667
0.3179190751
0.2383419689
0.3314917127
0.2768361582
0.3563829787
0.3017751479
0.2280701754
0.1741935484
0.3654822335
0.2590673575
0.4484536082
0.4507772021
0.2307692308
0.3128205128
0.4784946237
0.2455089820
0.3240223464
0.2340425532
0.4021164021
0.2872340426
0.3172043011
0.3351648352
0.2732558140
0.2848837209
0.2375690608
0.2378640777
0.2588235294
0.3404255319
0.1620111732
0.2241379310
0.3058823529
0.1910112360
0.1864406780
0.2447916667
0.3050847458
0.1546961326
0.3099415205
0.3968253968
0.2324324324
0.5081967213
0.4480874317
0.4360465116
0.2771739130
0.4108108108
0.3225806452
0.2558139535
0.1675392670
0.2580645161
0.2108108108
0.3141361257
0.2842105263
0.3591160221
0.2392638037
0.3292682927
0.1800000000
0.2391304348
0.2808988764
0.3177083333
0.2658959538
0.1176470588
0.2977528090
0.3350785340
0.2935323383
0.3475935829
0.1955307263
0.3505154639
0.4111111111
0.3259668508
0.3615819209
0.3210526316
0.1707317073
