0.3633217993
0.3882783883
0.3357664234
0.3309608541
0.4852941176
0.2929292929
0.4000000000
0.3478260870
0.3207547170
0.3642611684
0.3156028369
0.4375000000
0.3333333333
0.2888888889
0.3424124514
0.4372759857
0.3836065574
0.3722627737
0.3003533569
0.4479166667
0.4123711340
0.4713804714
0.2682926829
0.3321167883
0.4157706093
0.3299319728
0.3014184397
0.5239852399
0.2490842491
0.4623655914
0.4423791822
0.4501718213
0.2798507463
0.4216417910
0.5191637631
0.4029850746
0.3595890411
0.3150183150
0.4400000000
0.3820224719
0.3695652174
0.3003663004
0.3308823529
0.2813688213
0.5086505190
0.3358208955
0.3745454545
0.4693877551
0.4181184669
0.3669064748
0.4798534799
0.3564013841
0.2710622711
0.2988929889
0.4000000000
0.3929824561
0.2971014493
0.2571428571
0.3645833333
0.4080882353
0.3162055336
0.4352159468
0.4357976654
0.2304964539
0.3025830258
0.3877551020
0.4074074074
0.4858156028
0.3431734317
0.2649253731
0.2692307692
0.3710937500
0.4306569343
0.3076923077
0.4421052632
0.2555555556
0.3492063492
0.4838709677
0.4057971014
0.4163424125
0.3851590106
0.5017421603
0.4006968641
0.2727272727
0.4169611307
0.4285714286
0.3432835821
0.3501805054
0.3936170213
0.3321033210
0.4945848375
0.4141414141
0.3178571429
0.3297101449
0.2809364548
0.4123711340
0.4264705882
0.4095940959
0.4690909091
0.3230769231
