0.7097560976
0.7407407407
0.6832460733
0.6572890026
0.6992084433
0.6512261580
0.6306068602
0.6036745407
0.7464387464
0.7193460490
0.7428571429
0.6479591837
0.6797900262
0.7250000000
0.6880222841
0.6614173228
0.6920980926
0.6914893617
0.7179487179
0.5658914729
0.6108247423
0.6321243523
0.6548913043
0.6597402597
0.6605263158
0.6589147287
0.6356382979
0.7258485640
0.6923076923
0.7748691099
0.5771276596
0.7564102564
0.6533333333
0.7252747253
0.6577540107
0.6779220779
0.6394736842
0.6275510204
0.6921182266
0.7303664921
0.6226415094
0.7041095890
0.6422764228
0.7412398922
0.6290322581
0.6436170213
0.6067708333
0.6727272727
0.6187989556
0.6928934010
