0.2558139535
0.1428571429
0.1097560976
0.1625000000
0.3048780488
0.0851063830
0.1807228916
0.1388888889
0.2000000000
0.1304347826
0.1720430108
0.1666666667
0.0266666667
0.2183908046
0.2027027027
0.1011235955
0.0315789474
0.0786516854
0.2666666667
0.0972222222
0.2111111111
0.3103448276
0.3058823529
0.2048192771
0.1976744186
0.1882352941
0.0860215054
0.1219512195
0.1494252874
0.1428571429
0.0769230769
0.1235955056
0.2209302326
0.2435897436
0.1566265060
0.0681818182
0.0609756098
0.0750000000
0.1395348837
0.3483146067
0.1097560976
0.3555555556
0.2022471910
0.1756756757
0.1460674157
0.2380952381
0.0595238095
0.0549450549
0.0243902439
0.3333333333
0.1098901099
0.1882352941
0.0512820513
0.1204819277
0.1000000000
0.1538461538
0.2666666667
0.0853658537
0.0581395349
0.2439024390
0.0602409639
0.0470588235
0.1904761905
0.1000000000
0.0684931507
0.1111111111
0.2051282051
0.2195121951
0.0759493671
0.0975609756
0.1232876712
0.0493827160
0.0379746835
0.3058823529
0.1428571429
0.0540540541
0.2162162162
0.1428571429
0.0500000000
0.2151898734
0.1649484536
0.2352941176
0.0375000000
0.0103092784
0.1612903226
0.0298507463
0.1686746988
0.1666666667
0.1860465116
0.2948717949
0.1547619048
0.2298850575
0.2413793103
0.2380952381
0.0898876404
0.1052631579
0.0987654321
0.1375000000
0.1460674157
0.1025641026
